220{1,2,4,5,10,11,20,22,44,55,110}
284{1,2,4,71,142}

1184{1,2,4,8,16,32,37,74,148,296,592}
1210{1,2,5,10,11,22,55,110,121,242,605}

2620{1,2,4,5,10,20,131,262,524,655,1310}
2924{1,2,4,17,34,43,68,86,172,731,1462}

5020{1,2,4,5,10,20,251,502,1004,1255,2510}
5564{1,2,4,13,26,52,107,214,428,1391,2782}

6232{1,2,4,8,19,38,41,76,82,152,164,328,779,1558,3116}
6368{1,2,4,8,16,32,199,398,796,1592,3184}

10744{1,2,4,8,17,34,68,79,136,158,316,632,1343,2686,5372}
10856{1,2,4,8,23,46,59,92,118,184,236,472,1357,2714,5428}

12285{1,3,5,7,9,13,15,21,27,35,39,45,63,65,91,105,117,135,189,195,273,315,351,455,585,819,945,1365,1755,2457,4095}
14595{1,3,5,7,15,21,35,105,139,417,695,973,2085,2919,4865}

17296{1,2,4,8,16,23,46,47,92,94,184,188,368,376,752,1081,2162,4324,8648}
18416{1,2,4,8,16,1151,2302,4604,9208}

63020{1,2,4,5,10,20,23,46,92,115,137,230,274,460,548,685,1370,2740,3151,6302,12604,15755,31510}
76084{1,2,4,23,46,92,827,1654,3308,19021,38042}

66928{1,2,4,8,16,47,89,94,178,188,356,376,712,752,1424,4183,8366,16732,33464}
66992{1,2,4,8,16,53,79,106,158,212,316,424,632,848,1264,4187,8374,16748,33496}

67095{1,3,5,7,9,15,21,27,35,45,63,71,105,135,189,213,315,355,497,639,945,1065,1491,1917,2485,3195,4473,7455,9585,13419,22365}
71145{1,3,5,9,15,17,27,31,45,51,85,93,135,153,155,255,279,459,465,527,765,837,1395,1581,2295,2635,4185,4743,7905,14229,23715}

69615{1,3,5,7,9,13,15,17,21,35,39,45,51,63,65,85,91,105,117,119,153,195,221,255,273,315,357,455,585,595,663,765,819,1071,1105,1365,1547,1785,1989,3315,4095,4641,5355,7735,9945,13923,23205}
87633{1,3,7,9,13,21,39,63,91,107,117,273,321,749,819,963,1391,2247,4173,6741,9737,12519,29211}

79750{1,2,5,10,11,22,25,29,50,55,58,110,125,145,250,275,290,319,550,638,725,1375,1450,1595,2750,3190,3625,7250,7975,15950,39875}
88730{1,2,5,10,19,38,95,190,467,934,2335,4670,8873,17746,44365}

100485{1,3,5,7,9,11,15,21,29,33,35,45,55,63,77,87,99,105,145,165,203,231,261,315,319,385,435,495,609,693,957,1015,1155,1305,1595,1827,2233,2871,3045,3465,4785,6699,9135,11165,14355,20097,33495}
124155{1,3,5,9,15,31,45,89,93,155,267,279,445,465,801,1335,1395,2759,4005,8277,13795,24831,41385}

122265{1,3,5,9,11,13,15,19,33,39,45,55,57,65,95,99,117,143,165,171,195,209,247,285,429,495,585,627,715,741,855,1045,1235,1287,1881,2145,2223,2717,3135,3705,6435,8151,9405,11115,13585,24453,40755}
139815{1,3,5,9,13,15,39,45,65,117,195,239,585,717,1195,2151,3107,3585,9321,10755,15535,27963,46605}

122368{1,2,4,8,16,32,64,128,239,256,478,512,956,1912,3824,7648,15296,30592,61184}
123152{1,2,4,8,16,43,86,172,179,344,358,688,716,1432,2864,7697,15394,30788,61576}

141664{1,2,4,8,16,19,32,38,76,152,233,304,466,608,932,1864,3728,4427,7456,8854,17708,35416,70832}
153176{1,2,4,8,41,82,164,328,467,934,1868,3736,19147,38294,76588}

142310{1,2,5,7,10,14,19,35,38,70,95,107,133,190,214,266,535,665,749,1070,1330,1498,2033,3745,4066,7490,10165,14231,20330,28462,71155}
168730{1,2,5,10,47,94,235,359,470,718,1795,3590,16873,33746,84365}

171856{1,2,4,8,16,23,46,92,184,368,467,934,1868,3736,7472,10741,21482,42964,85928}
176336{1,2,4,8,16,103,107,206,214,412,428,824,856,1648,1712,11021,22042,44084,88168}

176272{1,2,4,8,16,23,46,92,184,368,479,958,1916,3832,7664,11017,22034,44068,88136}
180848{1,2,4,8,16,89,127,178,254,356,508,712,1016,1424,2032,11303,22606,45212,90424}

185368{1,2,4,8,17,29,34,47,58,68,94,116,136,188,232,376,493,799,986,1363,1598,1972,2726,3196,3944,5452,6392,10904,23171,46342,92684}
203432{1,2,4,8,59,118,236,431,472,862,1724,3448,25429,50858,101716}

196724{1,2,4,11,17,22,34,44,68,187,263,374,526,748,1052,2893,4471,5786,8942,11572,17884,49181,98362}
202444{1,2,4,11,22,43,44,86,107,172,214,428,473,946,1177,1892,2354,4601,4708,9202,18404,50611,101222}

280540{1,2,4,5,10,13,20,26,52,65,83,130,166,169,260,332,338,415,676,830,845,1079,1660,1690,2158,3380,4316,5395,10790,14027,21580,28054,56108,70135,140270}
365084{1,2,4,107,214,428,853,1706,3412,91271,182542}

308620{1,2,4,5,10,13,20,26,52,65,130,260,1187,2374,4748,5935,11870,15431,23740,30862,61724,77155,154310}
389924{1,2,4,43,86,172,2267,4534,9068,97481,194962}

319550{1,2,5,7,10,11,14,22,25,35,50,55,70,77,83,110,154,166,175,275,350,385,415,550,581,770,830,913,1162,1826,1925,2075,2905,3850,4150,4565,5810,6391,9130,12782,14525,22825,29050,31955,45650,63910,159775}
430402{1,2,7,14,71,142,433,497,866,994,3031,6062,30743,61486,215201}

356408{1,2,4,8,13,23,26,46,52,92,104,149,184,298,299,596,598,1192,1196,1937,2392,3427,3874,6854,7748,13708,15496,27416,44551,89102,178204}
399592{1,2,4,8,199,251,398,502,796,1004,1592,2008,49949,99898,199796}

437456{1,2,4,8,16,19,38,76,152,304,1439,2878,5756,11512,23024,27341,54682,109364,218728}
455344{1,2,4,8,16,149,191,298,382,596,764,1192,1528,2384,3056,28459,56918,113836,227672}

469028{1,2,4,7,14,28,49,98,196,2393,4786,9572,16751,33502,67004,117257,234514}
486178{1,2,7,11,14,22,41,49,77,82,98,121,154,242,287,451,539,574,847,902,1078,1694,2009,3157,4018,4961,5929,6314,9922,11858,22099,34727,44198,69454,243089}

503056{1,2,4,8,16,23,46,92,184,368,1367,2734,5468,10936,21872,31441,62882,125764,251528}
514736{1,2,4,8,16,53,106,212,424,607,848,1214,2428,4856,9712,32171,64342,128684,257368}

522405{1,3,5,9,13,15,19,39,45,47,57,65,95,117,141,171,195,235,247,285,423,585,611,705,741,855,893,1235,1833,2115,2223,2679,3055,3705,4465,5499,8037,9165,11115,11609,13395,27495,34827,40185,58045,104481,174135}
525915{1,3,5,9,13,15,29,31,39,45,65,87,93,117,145,155,195,261,279,377,403,435,465,585,899,1131,1209,1305,1395,1885,2015,2697,3393,3627,4495,5655,6045,8091,11687,13485,16965,18135,35061,40455,58435,105183,175305}

600392{1,2,4,8,13,23,26,46,52,92,104,184,251,299,502,598,1004,1196,2008,2392,3263,5773,6526,11546,13052,23092,26104,46184,75049,150098,300196}
669688{1,2,4,8,97,194,388,776,863,1726,3452,6904,83711,167422,334844}


